0 4711.13999999983 0
50 18838.888665057 21.3567580178051
100 34132.484860923 40.3081210071582
150 50206.5039230043 59.2167471061795
200 66863.5009223451 77.0445216150118
250 84231.3629918299 93.6527348866271
300 100956.226689509 109.066365546531
350 115919.134004858 123.349247662448
400 127974.885232517 136.574503239891
450 143246.950560369 148.815489070407
500 155688.958264341 160.142686310968
550 167046.453887742 170.62266413177
600 177522.141268242 180.317756865267
650 187116.63723577 189.2860707012
700 195999.693964129 197.581610212474
750 204788.046906196 205.254520079528
800 212513.923150477 212.351293812284
850 219980.99205784 218.915026156493
900 225543.098270264 224.985631480602
950 232312.456932477 230.60006554984
1000 237055.44555728 235.792535244749
1050 242669.642448999 240.594698876111
1100 246859.384122839 245.035852505914
1150 253367.556149572 249.143102132606
1200 256517.124188867 252.941525279932
1250 261036.544164523 256.454321546692
1300 263859.856640375 259.702951962138
1350 267404.099796107 262.707268155382
1400 269732.878128945 265.48563307501
1450 273520.091225947 268.055031658353
1500 276128.920652938 270.431172129336
1550 277612.482524569 272.628584587229
1600 278884.311892836 274.660707682733
1650 282239.46087341 276.539970412066
1700 283674.867328178 278.277867870754
1750 286568.575304825 279.885031267632
1800 288559.83336272 281.371292738019
1850 287390.281438176 282.745745360591
1900 290495.034674179 284.016798653147
1950 292206.146703892 285.192229901733
2000 292767.691527307 286.279231643184
2050 293055.842173822 287.284455548673
2100 294648.371725712 288.214053081669
2150 296882.617071079 289.073713232532
2200 296002.792856584 289.868697121326
2250 297438.266795812 290.603870169937
2300 298290.778556185 291.283731855897
2350 299224.493113982 291.912443220583
2400 299597.816811425 292.493852341255
2450 299533.228616958 293.031517833785
2500 301746.637584114 293.528730640268
2550 300040.543760835 293.988534149411
2600 301367.302703064 294.413742807837
2650 302683.657988641 294.806959343102
2700 302843.152718728 295.170590687871
2750 302310.99337172 295.506862705839
2800 303226.177129603 295.817833810418
2850 304062.92435733 296.105407559737
2900 304679.262535231 296.371344304559
2950 303508.546319482 296.617271960463
3000 304873.450569601 296.844695969918
